image: map.png
resolution: 0.02
origin: [-2.7083311080932617, -4.9989166259765625, 0.0]
negate: 0
occupied_thresh: 0.65
free_thresh: 0.196
