image: map.png
resolution: 0.05
origin: [-6.94485330581665, -3.239433765411377, 0.0]
negate: 0
occupied_thresh: 0.65
free_thresh: 0.196
