image: testcircle.png
resolution: 0.02
origin: [-5.096103191375732, -13.31640625, 0.0]
negate: 0
occupied_thresh: 0.65
free_thresh: 0.196
